Nom du pays 1980    1981    1982    1983    1984    1985    1986    1987    1988    1989    1990    1991    1992    1993    1994    1995    1996    1997    1998    1999    2000    2001    2002    2003    2004    2005    2006    2007    2008    2009    2010
Monde   4434035157  4512034610  4592419520  4673142317  4753321346  4834958633  4920317127  5007737053  5095978956  5183716171  5272353134  5358101566  5438658879  5520276499  5600661791  5682507124  5762426772  5842785437  5922421415  6001055859  6079752534  6156948501  6232920198  6308231785  6383385975  6458364364  6533978347  6610030273  6686776007  6763671904  6840507003
Afghanistan 15303189,5  15657868,29 16020767,4  16392077,34 16771993,06 17160714    17518107,22 17882943,59 18255378,13 18635569,09 19023678    19668810,29 20335820,34 21025450,09 21738466,61 22475663    23131309,06 23806081,22 24500537,42 25215251,86 25950815,5  26697430,19 27465525,27 28255718,73 29068646,36 29904962,21 30751661,41 31622333,2  32517656,32 33438328,72 34385068,12
Albanie 2671300 2725029 2777592 2831682 2891004 2957390 3033393 3116009 3194854 3255859 3289483 3291695 3266983 3224901 3179442 3141102 3112597 3091902 3079037 3072725 3071856 3077378 3089778 3106701 3124861 3141800 3156607 3169665 3181397 3192723 3204284
Algerie 18811199    19442423    20095648    20762767    21433070    22098298    22753511    23398470    24035237    24668100    25299182    25930560    26557969    27169903    27751086    28291591    28786855    29242917    29673694    30099010    30533827    30982214    31441848    31913462    32396048    32888449    33391954    33906605    34428028    34950168    35468208
Samoa Américaines   32526   33557   34797   36203   37706   39253   40834   42446   44048   45595   47052   48402   49648   50801   51885   52919   53901   54834   55745   56667   57625   58633   59687   60774   61871   62962   64045   65130   66217   67312   68420
Andorre 37328   39226   41390   43636   45702   47414   48653   49504   50236   51241   52773   54996   57767   60670   63111   64699   65227   64905   64246   63985   64634   66390   69043   72203   75292   77888   79874   81390   82577   83677   84864
Angola  7638420 7903368 8191774 8491682 8786652 9065562 9322550 9562796 9799680 10052567    10335052    10653515    11002910    11371750    11742960    12105105    12452725    12792237    13138265    13511575    13926373    14388244    14890474    15419943    15957460    16489021    17010366    17525367    18037964    18555115    19081912
Antigua and Barbuda 70228   69639   68803   67792   66701   65614   64539   63510   62669   62192   62202   62754   63802   65238   66895   68642   70450   72322   74190   75985   77656   79165   80507   81716   82838   83916   84952   85935   86881   87802   88710
Argentine   28131040    28561561    29001060    29447973    29899743    30354240    30810984    31269799    31729130    32187173    32642442    33093579    33540023    33982035    34420352    34855160    35287113    35714929    36134642    36541029    36930709    37302116    37657340    38001251    38340778    38681174    39023850    39368066    39714298    40062470    40412376
Arménie 3096298 3145885 3192877 3239212 3287588 3339147 3396511 3457054 3510439 3542720 3544695 3512051 3449940 3370373 3290540 3223173 3172185 3134836 3109101 3090624 3076098 3065810 3061067 3060554 3062612 3065954 3069844 3074181 3079087 3084979 3092072
Aruba   60099   60570   61347   62208   62833   63030   62645   61830   61069   61026   62147   64642   68286   72573   76762   80323   83069   85161   86827   88442   90271   92363   94596   96875   99046   100996  102711  104225  105526  106612  107488
Australie   14692000    14927000    15178000    15369000    15544000    15758000    16018400    16263900    16532200    16814400    17065100    17284000    17495000    17667000    17855000    18072000    18311000    18517000    18711000    18926000    19153000    19413000    19651400    19895400    20127400    20394800    20697900    21072500    21498500    21951700    22328800
Autriche    7553000 7565000 7574000 7552000 7552000 7555000 7565000 7573000 7595000 7631400 7710882 7798899 7782519 7928746 7928746 7953067 7964966 7971116 7982461 8002186 8011560,509 8043015,638 8083639,298 8117800 8174700 8233300 8282424 8300788 8336926 8365275 8384745
Azerbaïdjan 6166000 6265000 6362000 6461000 6563000 6669000 6779000 6893000 7004000 7085000 7159000 7271000 7382000 7495000 7597000 7685000 7763000 7838000 7913000 7983000 8048534,786 8111143,779 8171892,896 8234039,364 8306399,798 8391850 8484550 8581300 8763400 8947150 9047932
Les Bahamas 210600  215330  220188  225083  229899  234553  238989  243236  247409  251671  256128  260845  265761  270701  275426  279774  283677  287217  290571  293988  297651  301606  305801  310201  314739  319358  324066  328861  333661  338358  342877
Bahrain 357957  372074  383785  394164  404829  416929  430845  446142  462184  477995  492891  506685  519696  532362  545329  559069  574914  592986  611237  626765  638193  642510  642070  647164  671760  724807  811410  925733  1052359 1169578 1261835
Bangladesh  80624423    82883616    85156396    87459802    89828434    92283598    94825499    97429290    100062322   102681627   105256026   107768749   110225555   112645460   115059015   117486952   119928682   122370403   124803351   127214841   129592275   131944584   134266428   136514768   138633401   140587922   142353501   143956805   145478300   147030145   148692131
La Barbade  248796  249716  250809  252017  253244  254419  255532  256602  257621  258588  259501  260351  261136  261885  262637  263416  264237  265088  265941  266758  267511  268192  268813  269389  269947  270503  271062  271618  272180  272750  273331
Biélorussie 9643000 9710000 9776000 9843000 9910000 9975000 10043000    10111000    10140000    10170000    10189000    10194000    10216000    10239000    10227000    10194000    10160000    10117000    10069000    10035000    10005000    9970260,055 9925000 9873968,351 9824469,451 9775591,494 9732500 9702000 9602000 9507000 9490500
Belgique    9847000 9852000 9856000 9856000 9853000 9858000 9862000 9870000 9902000 9938000 9967400 10004500    10045000    10084500    10115600    10136800    10157000    10181000    10203000    10226000    10252000    10287000    10333000    10376133    10421137    10478617    10547958    10625700    10709973    10796493    10879159
Bélize  146000  149892,8368 153848,424  156986  161982,4064 166200  170400  175200  179800  183200  189000  194000  199000  205000  211000  216500  222000  230000  238500  243100  249800  257300  265200  273700  282600  291800  301386  311500  322100  333200  344700
Bénin   3610578 3708675 3811326 3917941 4027682 4140176 4254522 4371470 4494242 4627194 4773137 4934077 5108335 5290562 5473217 5651141 5821985 5988093 6154708 6329476 6517810 6721337 6937985 7164976 7397985 7633757 7871707 8112573 8355980 8601771 8849892
Bermudes    54000   54400   54800   55200   55600   56000   56900   57800   58700   59600   60500   61000   61000   61000   61300   61700   61785,96015 61872,04005 61958,23989 62044,55981 62131   62460   62750   63040   63320   63570   63800   64000   64200   64400   64600
Bhoutan 430633  442648  453793  464831  476846  490438  506423  524133  540918  553157  558500  555747  546356  533895  523417  518584  520529  528222  540507  555377  571262  588050  606024  624431  642400  659293  674681  688581  701363  713665  725940
Bolivie 5352649 5471025 5589245 5708585 5830816 5957291 6088253 6223523 6363470 6508417 6658462 6813834 6974168 7138204 7304230 7470925 7637622 7804333 7971237 8138802 8307248 8476709 8646659 8815911 8982917 9146655 9306660 9463497 9618466 9773441 9929849
Bosnie Herzégovine  3913536 3949509 3984259 4021590 4066739 4121595 4194370 4279632 4349682 4367069 4308197 4157485 3931372 3677379 3462032 3332098 3305672 3365616 3480285 3601438 3693698 3748370 3775883 3782717 3781358 3781001 3781588 3779034 3774164 3767683 3760149
Botswana    996211  1032889 1069707 1106802 1144442 1182803 1221790 1261235 1301146 1341540 1382371 1423570 1464924 1506037 1546414 1585637 1623704 1660538 1695587 1728179 1757925 1784449 1808103 1830127 1852243 1875673 1900905 1927540 1954822 1981576 2006945
Brésil  121711864   124588432   127514673   130459023   133380123   136246764   139049440   141791325   144470377   147088677   149650206   152146887   154582103   156985824   159398558   161848162   164342524   166869168   169409713   171936271   174425387   176877135   179289227   181633074   183873377   185986964   187958211   189798070   191543237   193246610   194946470
Brunei Darussalam   189300  195394  201301  207122  213002  219050  225288  231700  238305  245112  252125  259357  266794  274371  282000  289614  297188  304726  312216  319654  327036  334348  341585  348771  355943  363123  370317  377513  384695  391837  398920
Bulgarie    8862000 8878000 8894000 8909000 8925000 8941000 8957000 8971000 8981000 8877000 8718000 8632000 8540000 8472000 8435000 8400000 8356000 8312068 8257000 8208000 8060000 7910000 7869000 7823000 7781161 7739900 7699020 7659764 7623395 7585131 7543325
Burkina Faso    7212088 7388473 7572382 7763888 7963009 8169792 8384383 8606963 8837666 9076631 9323996 9580035 9844931 10118634    10401025    10692138    10992170    11301608    11621159    11951701    12294012    12648474    13015435    13395599    13789736    14198463    14622202    15061127    15515258    15984479    16468714
Burundi 4129997 4257303 4395560 4542467 4695065 4850597 5008201 5166403 5321108 5467413 5601720 5724030 5835071 5933293 6017127 6086751 6140258 6181493 6223515 6283662 6374347 6499653 6656071 6838764 7039534 7251424 7474363 7707781 7943385 8170853 8382849
Cambodge    6505693 6636869 6883519 7211815 7570081 7919802 8250479 8571130 8885701 9203893 9531928 9868226 10205755    10539239    10862069    11169233    11458858    11731187    11986128    12224414    12446949    12653684    12845222    13024171    13193961    13357574    13515884    13669857    13822644    13977903    14138255
Caméroun    9109727 9379109 9651552 9929831 10218016    10518855    10832919    11158600    11493770    11835344    12180819    12529904    12882506    13236573    13589699    13940337    14287475    14631908    14976200    15324051    15678269    16039737    16408085    16783366    17165267    17553589    17948395    18350022    18758778    19175028    19598889
Canada  24593000    24900000    25202000    25456000    25702000    25942000    26204000    26550000    26895000    27379000    27791000    28171681,96 28519597,36 28833410,36 29111906,4  29354000    29671900    29987200    30247900    30499200    30769700    31081900    31362000    31676000    31995000    32312000    32649000    32976000    33311400    33739900    34108752
Cap Vert    300047  302737  308230  315410  322560  328481  332775  335966  338857  342646  348165  355655  364727  374820  385101  394946  404166  412893  421203  429278  437238  445096  452740  460031  466784  472883  478267  483023  487371  491621  495999
Îles Cayman     16861   17524   18116   18702   19366   20172   21141   22253   23475   24752   26048   27363   28710   30074   31437   32792   34096   35361   36704   38284   40195   42501   45117   47815   50273   52268   53712   54679   55295   55763   56230
République Centrafricaine   2273630 2339759 2411176 2485120 2557808 2626638 2690250 2749702 2807768 2868515 2934777 3007347 3084958 3165869 3247456 3327710 3406451 3484027 3559604 3632287 3701607 3767068 3829238 3890075 3952281 4017880 4087534 4160940 4237961 4318128 4401051
Tchad   4554089 4656116 4765160 4882913 5011242 5151339 5304490 5470211 5645708 5826974 6011224 6197766 6387856 6583079 6785842 6998108 7219081 7448585 7689836 7946982 8222327 8517944 8831199 9153893 9474792 9785902 10084087    10371839    10653762    10937089    11227208
Îles de la Manche   128085  128828  129777  130905  132156  133482  134898  136394  137856  139136  140137  140804  141179  141384  141594  141934  142448  143102  143847  144607  145330  145995  146626  147262  147963  148763  149682  150689  151705  152618  153352
Chili   11178817    11348442    11527274    11714442    11908189    12107225    12310666    12518930    12733409    12956088    13187821    13429315    13678373    13929390    14174890    14409416    14630769    14840038    15039162    15231557    15419820    15604200    15783991    15959793    16132209    16301726    16468677    16633254    16795593    16955737    17113688
Chine   981235000   993885000   1008630000  1023310000  1036825000  1051040000  1066790000  1084035000  1101630000  1118650000  1135185000  1150780000  1164970000  1178440000  1191835000  1204855000  1217550000  1230075000  1241935000  1252735000  1262645000  1271850000  1280400000  1288400000  1296075000  1303720000  1311020000  1317885000  1324655000  1331380000  1338299512
Colombie    26874906    27485678    28104254    28729367    29359535    29993539    30630754    31270841    31913250    32557521    33203321    33849971    34497319    35146220    35797965    36453337    37112621    37775054    38439099    39102653    39764166    40422597    41078136    41731914    42385712    43040558    43696540    44352327    45005782    45654044    46294841
Comores 328861  340778  352416  363759  374852  385740  396391  406798  417077  427392  437876  448576  459515  470765  482401  494486  507062  520151  533754  547864  562469  577569  593170  609271  625876  642974  660559  678602  697034  715774  734750
Congo, Rép. Dém.    27018690    27781042    28551259    29341286    30167580    31044153    31963766    32927332    33965482    35117790    36406226    37856212    39443819    41081774    42650247    44067369    45295039    46369335    47373590    48429878    49626200    50989424    52491329    54098245    55754885    57420522    59088415    60772175    62474901    64204304    65965795
Congo, Rép. 1798285 1851889 1907330 1964298 2022343 2081152 2140687 2201097 2262489 2325035 2388902 2453938 2520196 2588270 2658948 2732706 2810118 2890841 2973329 3055437 3135773 3213330 3288923 3365171 3445765 3533177 3628561 3730612 3836339 3941454 4042899
Costa Rica  2343345 2409385 2477549 2547555 2619058 2691778 2765657 2840660 2916566 2993136 3070240 3147451 3224849 3303412 3384498 3468918 3557095 3648263 3740578 3831504 3919180 4002946 4083197 4160438 4235605 4309413 4381820 4452608 4522124 4590790 4658887
Côte d'Ivoire   8500985 8885888 9281593 9684478 10089976    10494827    10896269    11294791    11694318    12100741    12517730    12945880    13381799    13820229    14253952    14677200    15089912    15492127    15878555    16242889    16581653    16892864    17180649    17455501    17731840    18020946    18325979    18646754    18987007    19350026    19737800
Croatie 4588000 4608000 4635000 4659000 4680000 4701000 4722000 4740000 4757000 4767000 4780000 4510000 4470000 4640000 4650000 4669000 4494000 4572000 4501000 4554000 4426000 4440000 4440000 4440000 4439000 4442000 4440000 4436000 4434000 4429078 4424161,464
Cuba    9812223 9862283 9905577 9949046 10001593    10069187    10155111    10256694    10366500    10473701    10570328    10654121    10727088    10790686    10847842    10900795    10949206    10992290    11031429    11068382    11104313    11140168    11175434    11208029    11234970    11254242    11265124    11268687    11266905    11262628    11257979
Curacao                                                                         144472  139428,4193 133860,2201 128752,1251 128182  130006  131591,0632 134464,6631 137490  139841  141279  141972  142668,3993
Chypre  685510  689265  691792  694146  697782  703752  712396  723434  736531  751100  766663  783189  800707  818858  837205  855424  873277  890758  908059  925504  943294  961482  979874  998134  1015806 1032562 1048272 1063027 1077001 1090473 1103647
République Tchèque  10232000    10264000    10289000    10308000    10322000    10335000    10341000    10348000    10356000    10362000    10363000    10309000    10318000    10331000    10336000    10331000    10315000    10304100    10294900    10283000    10273300    10224000    10204853    10207362    10216016    10235828    10269134    10334160    10424336    10487178    10525090
Danemark    5123000 5122000 5118000 5114000 5112000 5114000 5121000 5127000 5130000 5133000 5140000 5154000 5170000 5189000 5205000 5228000 5262000 5284220 5301000 5319111 5337344 5355082 5374255 5387174 5401177 5415978 5437272 5461438 5493621 5523095 5544139
Djibouti    340133  354304  363940  372386  384409  403221  430367  464202  500876  534862  562290  581641  594437  603534  613219  626537  644434  665755  688940  711573  731930  749604  765283  779640  793738  808367  823682  839453  855636  872090  888716
Dominique   75312   75374   75166   74747   74212   73637   73022   72365   71740   71240   70926   70842   70962   71181   71350   71364   71184   70846   70419   70003   69672   69447   69301   69200   69087   68925   68700   68434   68159   67922   67757
République Dominicaine  5794074 5928429 6064722 6202698 6341950 6482152 6623094 6764750 6907171 7050480 7194666 7339826 7485619 7631076 7774932 7916309 8054768 8190620 8324680 8458164 8591967 8726256 8860760 8995398 9129965 9264267 9398285 9531954 9664948 9796852 9927320
Equateur    7957811 8178948 8403034 8629832 8859125 9090592 9323745 9557974 9792658 10027109    10260587    10493498    10725281    10953182    11173647    11384506    11584074    11774005    11959586    12148188    12345023    12552036    12767415    12987992    13208869    13426402    13639708    13849721    14056740    14261566    14464739
Egypte  44952497    46025305    47133557    48276547    49453054    50659625    51899728    53166492    54433720    55667119    56843275    57952386    59004372    60020423    61032081    62063810    63120498    64199588    65309201    66457136    67648419    68888032    70174632    71498433    72844998    74203215    75568453    76941572    78323298    79716203    81121077
El Salvador 4656263 4729467 4798918 4865611 4930893 4995888 5060307 5124240 5189565 5258654 5332842 5413269 5498489 5584047 5663820 5733401 5791403 5839103 5878097 5911094 5940305 5966027 5988233 6008523 6028792 6050513 6074487 6100868 6129628 6160423 6192993
Guinée Equatoriale  220582  232676  250712  272217  293701  312634  328119  340825  351694  362325  373887  386536  399843  413730  428005  442527  457321  472486  488039  504001  520380  537195  554429  571999  589794  607739  625777  643936  662327  681115  700401
Eritrée 2468902 2537333 2602966 2667868 2735121 2806456 2884388 2967048 3046674 3112654 3158295 3180430 3184019 3180541 3186063 3212503 3263016 3335157 3428264 3539885 3667576 3812473 3973973 4145500 4318343 4486155 4645837 4798561 4947521 5097998 5253676
Estonie 1477000 1488000 1498000 1509000 1519000 1529000 1540000 1552000 1562000 1568000 1569000 1561000 1533000 1494000 1463000 1437000 1416000 1400000 1386200 1375649,334 1369512,615 1364097,505 1358641,015 1353520,149 1348998,517 1346097 1343547 1341672 1340675 1340271 1339646
Ethiopie    35426282    36282554    37319328    38500829    39768079    41077517    42417873    43802479    45240322    46747612    48333261    49998845    51730288    53502211    55281054    57042197    58774378    60481739    62174171    63868806    65577897    67303731    69040669    70784012    72526620    74263861    75993403    77718436    79446419    81187751    82949541
Îles Féroés 42779   43305   43831   44364   44920   45497   46133   46802   47370   47659   47558   46995   46050   44953   44022   43483   43416   43746   44358   45070   45743   46358   46944   47472   47915   48258   48475   48572   48597   48625   48708
Fidji   635297  651006  668259  685461  700434  711703  718535  721637  722753  724404  728390  735262  744396  754981  765725  775651  784713  793165  800685  806927  811718  814780  816336  817339  819102  822553  828046  835267  843651  852323  860623
Finlande    4780000 4800000 4827000 4856000 4882000 4902000 4918000 4933000 4951000 4962000 4986000 5014000 5042000 5066000 5089000 5108000 5125000 5139835 5153000 5165446,687 5176197,681 5187995,412 5200596,876 5212995,694 5228143,171 5246096 5266268 5288720 5313399 5338871 5363624
France  55111030    55382757    55676419    55986998    56305397    56624364    56944579    57267262    57586103    57893172    58183174    58454894    58711078    58955673    59194619    59433490    59670985    59909141    60160764    60351778    60762169    61201676    61644062    62078165    62532556    63001253    63437350    63826178    64188219    64542729    64876618,43
Polynésie Française 151098  155637  160251  164893  169500  174024  178450  182788  187044  191237  195383  199464  203481  207494  211583  215798  220172  224667  229171  233532  237638  241448  245000  248357  251622  254870  258119  261345  264541  267685  270764
Gabon   682641  702923  724185  746424  769635  793810  818863  844775  871675  899739  929044  959631  991289  1023531 1055707 1087327 1118215 1148416 1177936 1206862 1235274 1263165 1290532 1317484 1344171 1370729 1397192 1423637 1450310 1477514 1505463
Gambie  629786  652817  677685  704894  735056  768460  805491  845642  887224  927937  966151  1001252 1033748 1064522 1094974 1126183 1158308 1191155 1225044 1260283 1297084 1335674 1376035 1417818 1460493 1503678 1547259 1591357 1636107 1681734 1728394
Géorgie 4467700 4504500 4542800 4582900 4622200 4662900 4704500 4743500 4790700 4803300 4802000 4835900 4873500 4911100 4861600 4734000 4616100 4531600 4487300 4452500 4418300 4386400 4357000 4328900 4318300 4361200 4398000 4388400 4383700 4410800 4452800
Allemagne   78303000    78418000    78335000    78122000    77846000    77698000    77728000    77840000    78144000    78752000    79433000    80014000    80624000    81156000    81516000    81642000    81912000    82071000    82047000    82087000    82210000    82333000    82508000    82541000    82516250    82469400    82376451    82266372    82110097    81902307    81702329
Ghana   10922708    11246007    11624726    12039663    12462279    12871965    13261929    13638708    14010951    14392619    14793415    15216133    15655847    16105502    16554855    16996901    17429209    17855250    18281113    18715676    19165490    19632265    20114361    20610897    21119911    21639806    22170556    22712403    23264176    23824402    24391823
Gibraltar   26565   26648   26667   26647   26619   26608   26620   26650   26697   26757   26830   26921   27032   27145   27233   27283   27279   27231   27188   27214   27348   27615   27989   28410   28793   29075   29237   29296   29287   29257   29244
Grèce   9643000 9729000 9790000 9847000 9896000 9934000 9964000 10001000    10037000    10090000    10161000    10260000    10370000    10466000    10553000    10634000    10709000    10777000    10835000    10883000    10917482    10949957    10987543    11023514    11061701    11103965    11148460    11192763    11237094    11282760    11319048
Groënland   50200   51000   51500   52100   52700   53200   53500   54100   54800   55300   55600   55500   55300   55200   55500   55800   55900   56000   56100   56100   56200   56350   56600   56765   56912   56935   56774   56555   56328   56323   56534
Grenade 88936   90504   93015   95903   98359   99824   100062  99296   97978   96785   96200   96368   97113   98212   99313   100163  100707  101039  101219  101354  101522  101731  101954  102195  102455  102734  103037  103368  103723  104097  104487
Guam    106572  109001  111489  114050  116705  119464  122333  125288  128260  131157  133914  136518  138981  141304  143492  145559  147481  149279  151065  152987  155147  157596  160292  163121  165918  168565  171024  173334  175538  177707  179896
Guatemala   7036484 7211938 7393131 7578625 7766291 7954682 8143365 8333124 8525211 8721429 8923131 9131088 9345130 9564571 9788284 10015675    10246429    10481515    10723154    10974314    11237101    11512637    11800351    12098576    12404764    12717154    13034904    13358842    13690846    14033623    14388929
Guinée  4406831 4477191 4569938 4679999 4799450 4923603 5045781 5170120 5315182 5506436 5759374 6083795 6466435 6871525 7249558 7565235 7805735 7982155 8112650 8226138 8344486 8472339 8604936 8743954 8889321 9041448 9201941 9373619 9559110 9761217 9981590
Guinée-Bissau   834611  856143  874270  890152  905580  921889  939371  957688  976802  996520  1016695 1037431 1058839 1080767 1103003 1125392 1147908 1170619 1193585 1216902 1240655 1264855 1289526 1314795 1340814 1367695 1395492 1424191 1453757 1484120 1515224
Guyana  776856  775589  771521  765434  758499  751636  745015  738589  732806  728147  724931  723448  723615  724909  726552  727979  728990  729743  730458  731496  733101  735327  738011  740925  743743  746235  748321  750068  751578  753013  754493
Haïti   5687812 5819084 5957920 6102119 6248634 6395193 6540928 6686182 6831374 6977397 7124877 7273530 7422881 7573160 7724690 7877569 8031903 8187204 8342233 8495358 8645371 8791931 8935252 9075399 9212634 9347262 9479136 9608453 9736332 9864241 9993247
Honduras    3627640 3741932 3858691 3978080 4100422 4225870 4354245 4485151 4618245 4753109 4889311 5026843 5165380 5303798 5440691 5575099 5706605 5835607 5963008 6090164 6218151 6347272 6477525 6609337 6743128 6879243 7017769 7158819 7302742 7449923 7600524
Hong Kong   5063100 5183400 5264500 5345100 5397900 5456200 5524600 5590500 5627600 5686200 5704500 5752000 5800500 5901000 6035400 6156100 6435500 6489300 6543700 6606500 6665000 6714300 6744100 6730800 6783500 6813200 6857100 6925900 6977700 7003700 7067800
Hongrie 10707475    10700112    10683105    10655833    10619374    10579086    10534296    10486429    10442541    10398261    10373988    10373400    10369341    10357522    10343355    10328965    10311238    10290486    10266570    10237530    10210971    10187576    10158608    10129552    10107146    10087065    10071370    10055780    10038188    10022650    10008703
Islande 228000  231000  234000  237000  239000  241000  243000  246000  249900  252700  254800  258000  261100  263800  266000  268000  270000  272000  274000  277500  281000  285000  288000  289521  292074  296734  303782  311566  317414  318499  317398
Inde    687332000   702821222,4 718425590,4 734071950,4 749676942,4 765147000   781893000   798680000   815590000   832535000   849515000   866530000   882821000   899329000   915697000   932180000   948758852,9 965428183,1 982182462,1 999016010,5 1015923000  1032473426  1048640721  1064398612  1079721194  1094583000  1109811147  1124786997  1139964932  1155347678  1170938000
Indonésie   150820044   154275429   157758440   161245684   164706919   168119209   171472345   174767379   178006800   181197879   184345939   187451800   190512441   193525648   196488446   199400339   202257039   205063468   207839287   210610776   213395411   216203499   219026365   221839235   224606531   227303175   229918547   232461746   234951154   237414495   239870937
Iran    38576541    40012129    41533339    43130529    44790735    46497235    48257311    50052662    51810746    53437770    54870583    56071545    57067645    57940444    58808655    59757114    60815686    61955730    63133032    64278307    65342319    66313553    67212850    68061695    68893323    69732007    70582086    71435498    72289291    73137148    73973630
Irak    13774183    14137046,07 14509468,29 14891701,5  15284004,15 15686641,5  16158856,7  16645287,01 17146360,33 17662517,47 18194212,5  18706560,72 19233336,65 19774946,56 20331808,18 20904351    21545637,53 22206596,93 22887832,69 23589966,85 24313640,5  24937728,45 25577835,63 26234373,22 26907762,96 27598437,43 28432903,78 29292601,06 30178292,15 31090762,99 32030823,3
Irlande 3401000 3443000 3480000 3504000 3529000 3540000 3541000 3547000 3530700 3509500 3505800 3525700 3549100 3563300 3570700 3608841 3637510 3674171 3712696 3754786 3805174 3866243 3931947 3996521 4070262 4159914 4260341 4356931 4425683 4458942 4481430
Île de Man  65112   65132   64820   64407   64209   64448   65226   66450   67904   69265   70313   70963   71305   71484   71724   72183   72908   73832   74870   75892   76803   77577   78246   78840   79410   79994   80598   81203   81798   82358   82869
Israël  3878000 3956000 4031000 4105000 4159000 4233000 4299000 4369000 4442000 4518000 4660000 4949000 5123000 5261000 5399000 5545000 5692000 5836000 5971000 6125000 6289000 6439000 6570000 6689700 6809000 6930100 7053700 7180100 7308800 7485600 7624600
Italie  56434000    56502000    56544000    56564000    56577000    56593000    56596000    56602000    56629000    56672000    56719000    56758650    56797650    56832750    56844650    56846100    56862800    56893800    56910950    56921550    56948600    56980700    57157400    57604650    58175300    58607050    58941499    59375289    59832179    60192698    60483521
Jamaïque    2133000 2162300 2200100 2240800 2279900 2311100 2335800 2350600 2356400 2374900 2390000 2406041,988 2423043,608 2441023,646 2460002,055 2480000 2509923,425 2534068,675 2556780,051 2574289,364 2589388,551 2604788,619 2617495,224 2625700 2638100 2650400 2663100 2675800 2687200 2695600 2702300
Japon   116782000   117648000   118449000   119259000   120018000   120754000   121492000   122091000   122613000   123116000   123537000   123921000   124229000   124536000   124961000   125439000   125761000   126091000   126410000   126650000   126870000   127149000   127445000   127718000   127761000   127773000   127756000   127770750   127704040   127557958   127450459
Jordanie    2181000 2267246,4   2359755,2   2455896 2551300,8   2644000 2744000 2846000 2948000 3056000 3170000 3545000 3733000 3905930,646 4060839,761 4195000 4325045 4459121,395 4597400 4680500 4797500 4917500 5038000 5164000 5290000 5411500 5537000 5662000 5787000 5915000 6047000
Kazakhstan  14898332,25 15070634,42 15244929,3  15421239,94 15599589,65 15780002    15896089,19 16013030,4  16130831,89 16249500    16348000    16450500    16439095,17 16330419    16095198,94 15815626,38 15577894,26 15333703,04 15071300,13 14928425,85 14883626    14858335    14858948    14909019    15012984    15147029    15308085    15484192    15673999    15925000    16316050
Kenya   16267558    16899958    17557466    18237830    18937969    19655192    20387701    21134404    21894026    22665447    23447177    24240108    25042330    25846436    26642887    27425720    28191597    28944780    29696410    30462154    31253701    32076186    32927864    33805301    34702176    35614576    36540948    37485246    38455418    39462188    40512682
Kiribati    58100   59351,44    60702,32    62117,48    63561,76    65000   66448,82823 67907,51293 69375,29627 70851,39482 71845   73163   74263   75227   76188   77248   78431   79713   81085   82524   84010   85550   87147   88776   90398   91988   93534   95043   96532   98027   99546
Corée du Nord   17239340    17508435    17802273    18111491    18421195    18720888    19006458    19282372    19556657    19841107    20143212    20466180    20804249    21145052    21471407    21770898    22038893    22278723    22495715    22698674    22894095    23083419    23264576    23436550    23597383    23745941    23882465    24008606    24126329    24238179    24346229
Corée du Sud    38124000    38723000    39326000    39910000    40406000    40806000    41184000    41575000    41975000    42380000    42869000    43268000    43663000    44056000    44453000    45093000    45525000    45954000    46287000    46617000    47008000    47357000    47622000    47859000    48039000    48138000    48297000    48456000    48607000    48747000    48875000
Kosovo  1521000 1552000 1582000 1614000 1647000 1682000 1717000 1753000 1791000 1827000 1862000 1898000 1932000 1965000 1997000 2029000 2059000 2086000 1966000 1762000 1700000 1721000 1737000 1748000 1757000 1767000 1777000 1785000 1795000 1805000 1815000
Kowait  1376963 1445699 1514013 1584310 1659961 1742083 1835819 1937316 2028166 2083550 2087687 2031004             1627911 1628120 1678812 1763693 1857217 1940786 2009588 2069816 2126786 2189485 2264014 2351441 2447818 2548351 2646286 2736732
Kyrghyzstan 3632000 3701000 3771000 3843000 3918000 3996000 4076000 4161000 4258000 4340000 4423000 4495000 4546000 4543000 4540000 4589900 4657000 4725000 4797000 4864600 4915300 4954800 4993200 5038600 5092802 5143500 5192100 5234800 5277900 5321354,858 5365167,495
Laos    3234555 3296978 3372093 3457860 3550669 3647754 3748525 3853600 3962714 4075767 4192414 4312348 4434570 4557216 4677981 4795112 4907960 5016576 5120845 5220920 5317060 5408912 5496700 5582028 5667055 5753341 5841572 5931385 6022001 6112143 6200894
Lettonie    2544000 2559000 2574000 2590000 2605000 2621000 2636000 2652000 2668000 2684000 2670700 2662000 2632000 2586000 2548000 2515000 2491000 2450000 2410000 2390000 2372000 2359000 2338000 2325342 2312819 2300512 2287948 2276100 2266094 2254834 2242916
Liban   2794638 2807342 2827767 2851609 2872204 2885481 2888455 2884778 2884840 2902893 2948372 3026061 3130785 3249799 3364891 3462974 3539137 3597350 3644171 3690033 3742329 3802903 3868504 3935421 3998042 4052420 4097457 4134872 4166915 4196990 4227597
Lesotho 1309981 1345398 1381537 1417720 1453098 1487079 1519369 1550144 1579900 1609386 1639177 1669190 1699284 1729896 1761558 1794531 1829222 1865218 1900962 1934337 1963878 1988983 2010261 2028976 2047006 2065752 2085561 2106128 2127412 2149201 2171318
Liberia 1922536 1988931 2059483 2126455 2179471 2211509 2221350 2212690 2189831 2159264 2127098 2091355 2054179 2030591 2039922 2094591 2203809 2360511 2540835 2710963 2847290 2939296 2996082 3037412 3092721 3182539 3313718 3477197 3658460 3835929 3994122
Libye   3063000 3216430 3381390 3549220 3708142 3849801 3970886 4074021 4164147 4249018 4334459 4421885 4509970 4598629 4687106 4775009 4862665 4951076 5041233 5134324 5231189 5331311 5434293 5541062 5652797 5769709 5893738 6023053 6149620 6262667 6355112
Liechtenstein   25213   25600   25990   26377   26761   27140   27511   27878   28243   28611   28986   29370   29760   30154   30549   30941   31328   31710   32090   32470   32853   33239   33626   34006   34365   34696   34995   35266   35521   35772   36032
Lituanie    3413000 3433000 3457000 3485000 3514000 3545000 3579000 3616000 3654000 3691000 3698000 3704000 3700000 3683000 3658000 3632000 3605000 3580000 3555000 3531000 3499536 3481292 3469070 3454205 3435591 3414304 3394082 3375618 3358115 3339456 3320656
Luxembourg  364900  365600  365500  365600  366200  367200  369500  371700  373300  377600  381850  387000  392175  397475  402925  408625  414225  419450  424700  430475  436300  441525  446175  451630  458095  465158  472637  479993  488650  497783  505831
Macao   246230  252251  260913  271665  283662  296210  309212  322637  335931  348443  359709  369493  377886  385193  391906  398426  404808  411050  417435  424292  431867  440265  449472  459456  470127  481390  493267  505709  518463  531195  543656
Macédoine   1794830 1806228 1812327 1815719 1820117 1828148 1840767 1857034 1875387 1893409 1909353 1922774 1934265 1944343 1953874 1963484 1973283 1982994 1992404 2001178 2009091 2016075 2022255 2027819 2033039 2038109 2043091 2047922 2052524 2056769 2060563
Madagascar  8608964 8833875 9059559 9289882 9530197 9784559 10054543    10339739    10639804    10953663    11280625    11620718    11974724    12343496    12728117    13129227    13547271    13981666    14430739    14892172    15364272    15846412    16338968    16842482    17357913    17885967    18426870    18980391    19546282    20124150    20713819
Malawi  6239898 6409111 6567327 6741249 6967388 7268257 7661008 8128340 8616602 9051225 9380892 9583696 9681728 9721620 9772164 9883350 10070605    10319125    10612353    10922265    11228756    11529337    11833102    12144945    12472794    12822587    13195329    13589404    14005113    14442290    14900841
Malaisie    13832586    14178739    14542156    14925545    15331937    15762856    16220169    16701745    17200067    17704839    18208562    18707774    19204087    19701263    20205446    20720810    21247102    21781499    22322448    22867698    23414909    23964621    24515323    25060184    25590453    26100241    26586287    27051142    27502008    27949395    28401017
Maldives    156626  161931  167708  173861  180238  186720  193275  199898  206522  213067  219474  225709  231756  237606  243256  248712  253960  259002  263867  268600  273236  277791  282266  286665  290988  295240  299419  303539  307632  311739  315885
Mali    7245598 7394730 7552338 7712392 7866571 8009705 8139016 8258615 8378673 8513337 8672868 8861362 9076261 9313042 9564231 9824510 10092753    10371338    10662517    10969725    11295324    11639798    12001887    12380104    12772264    13176642    13592796    14020786    14459990    14909813    15369809
Malte   364000  364156,8    361644,8    356908,8    350684,8    344000  347500  351000  354000  357000  360000  363193,4245 366584,9618 370179,6198 373982,7378 378000  380000  383000  385000  388000  390000  393028  395969  398582  401268  403837  406408  409050  411950  413290  412961
Îles Marshall   30578   31891   33330   34890   36562   38327   40196   42140   44054   45802   47288   48469   49369   50040   50565   51008   51389   51697   51930   52080   52145   52131   52066   51992   51968   52037   52210   52487   52880   53396   54038
Mauritanie  1517817 1562144 1607553 1653818 1700638 1747839 1795343 1843352 1892328 1942900 1995548 2050456 2107590 2166948 2228453 2292053 2357678 2425374 2495316 2567741 2642743 2720367 2800333 2882003 2964526 3047249 3129959 3212672 3295254 3377630 3459773
Maurice 966000  979133,0464 990753,597  1000803,865 1009233,499 1016000 1024680 1032760 1040840,653 1048920,982 1057000 1066655,855 1081000 1097000 1113000 1122457 1133996 1148284 1160421 1175267 1186873 1199881 1210196 1222811 1233386 1243253 1252987 1260692 1268854 1275323 1281214
Mayotte 55016   57665   60618   63844   67287   70912   74685   78630   82829   87402   92413   97901   103795  109918  116028  121949  127624  133089  138384  143585  148753  153887  158983  164101  169315  174681  180217  185922  191805  197870  204114
Mexique 68776411    70318386    71788766    73223336    74673296    76175154    77741110    79358780    81010093    82666457    84306602    85923799    87523328    89109703    90691331    92272749    93858373    95441345    97001933    98513690    99959594    101329543   102634153   103902569   105175967   106483757   107835259   109220753   110627158   112033369   113423047
Micronésie  72962   75456   78048   80667   83232   85682   87950   90037   92040   94105   96319   98749   101314  103780  105825  107233  107904  107947  107605  107237  107103  107290  107728  108325  108926  109419  109789  110092  110367  110676  111064
Moldavie    3397000 3429000 3464000 3500000 3536000 3570000 3602000 3632000 3659000 3681000 3696000 3706000 3709000 3705000 3694000 3675099 3667748 3659655 3652771 3646999 3639588 3631460 3623059 3612869 3603934 3595182 3585520 3576904 3570107 3565603 3562062
Monaco  26078   26459   26930   27459   28004   28533   29036   29521   29990   30447   30896   31330   31745   32154   32574   33014   33485   33974   34444   34840   35126   35288   35341   35323   35282   35260   35267   35295   35336   35377   35407
Mongolie    1693122 1736994 1781213 1826717 1874774 1926002 1981170 2039204 2096653 2148850 2192553 2226469 2251861 2271236 2288370 2306131 2325369 2345618 2366895 2388862 2411369 2434515 2458853 2485177 2514462 2547339 2584143 2624509 2667474 2711659 2756001
Monténégro  576069  577041  576292  574920  574459  575997  579821  585546  592740  600697  608816  617144  625630  633443  639542  643227  644121  642533  639309  635689  632606  630299  628594  627500  626912  626739  627074  627962  629185  630435  631490
Maroc   19566920    20088209    20633004    21190800    21747150    22291062    22818601    23330761    23827539    24310585    24781105    25237951    25679802    26107772    26523600    26928600    27323664    27708647    28082684    28444414    28793236    29129204    29453931    29770316    30082152    30392473    30702084    31011199    31321453    31634524    31951412
Mozambique  12145501    12441643    12731231    12992962    13199259    13334972    13384409    13365201    13336217    13378100    13547076    13867422    14318167    14854590    15409381    15933452    16412893    16862385    17295521    17735992    18200656    18691461    19200021    19721009    20246287    20770013    21290952    21811326    22332900    22858607    23390765
Myanmar 32864901    33524053    34179992    34832636    35481981    36127741    36770437    37409257    38041034    38661616    39268304    39855885    40425088    40985963    41552659    42133199    42735941    43352191    43952526    44496687    44957660    45323903    45609292    45843675    46070248    46321162    46605278    46915826    47250315    47601374    47963012
Namibie 1012824 1034636 1057115 1082264 1112679 1150038 1195331 1247573 1304005 1360710 1414830 1465201 1512524 1558055 1603865 1651352 1700975 1751872 1802579 1851034 1895839 1936399 1973408 2008342 2043339 2079951 2118653 2158984 2200422 2242078 2283289
Népal   15045329    15405456    15774532    16152598    16539682    16936006    17341408    17756510    18183258    18624187    19081064    19554170    20042806    20546441    21064150    21594872    22137784    22691788    23255046    23825372    24400606    24980184    25562573    26143530    26717875    27281945    27833665    28373838    28905358    29432743    29959364
Pays-Bas    14150000    14247000    14313000    14367000    14424000    14492000    14572000    14665000    14760000    14849000    14952000    15070000    15178000    15279096,95 15381133    15460000    15517000    15607000    15698000    15805000    15925513    16046180    16148929    16225302    16281779    16319868    16346101    16381696    16445593    16530388    16612213
Nouvelle Calédonie  143000  144000  144500  145400  150616  153000  154000  156750,8392 159710,491  164200  168000  172166,9964 176723,7897 181695,6883 187110,7412 193000  197000  201641,7449 205000  209214  213230  217324  221490  225735  230068  234393  238459  242400  246705  250325,9275 254000
Nouvelle Zélande    3113000 3145000 3180800 3221700 3252800 3271500 3277000 3305000 3350000 3398000 3448000 3495100 3531700 3572200 3620100 3673400 3732000 3781400 3815000 3835100 3857800 3880500 3948500 4027200 4087500 4133900 4184600 4228300 4268900 4315800 4367800
Nicaragua   3242190 3334287 3426782 3518721 3608911 3696667 3781070 3862724 3944304 4029509 4120797 4219176 4323263 4430182 4535802 4637040 4733164 4824799 4911886 4994730 5073704 5148635 5219724 5288271 5356012 5424336 5493527 5563654 5635577 5710230 5788163
Niger   5871030 6038229 6208128 6381552 6559627 6743501 6933529 7130570 7336924 7555416 7788198 8036341 8299868 8578542 8871631 9178575 9499892 9835945 10185812    10548219    10922421    11308134    11706182    12118322    12546945    12993884    13460138    13945662    14450007    14972257    15511953
Nigeria 75543388    77604166    79623647    81635550    83691577    85828707    88057486    90363921    92731304    95133496    97552057    99986136    102444773   104931559   107452627   110014688   112618306   115268715   117983368   120784408   123688536   126704722   129832447   133067097   136399438   139823340   143338939   146951477   150665730   154488072   158423182
Îles Mariannes  17048   18906   21392   24308   27362   30341   33174   35906   38571   41244   43973   46727   49456   52161   54852   57517   60173   62766   65138   67075   68432   69184   69393   69105   68404   67381   66006   64349   62707   61473   60917
Norvège 4091000 4100000 4115000 4133000 4140000 4153000 4169000 4187000 4209000 4227000 4241500 4261700 4286400 4312000 4336600 4360000 4381000 4404100 4432000 4460000 4491000 4513000 4538000 4564855 4591910 4623291 4660677 4709153 4768212 4828726 4885240
Oman    1181337 1249858 1321650 1395032 1467846 1538575 1605464 1668734 1731168 1796822 1868055 1947042 2031377 2113398 2182619 2232018 2258730 2266469 2262969 2259398 2264163 2279171 2302874 2335967 2378336 2429510 2490620 2561187 2636963 2712141 2782435
Pakistan    80492664    83280137    86187238    89200001    92300277    95470380    98710951    102011892   105332464   108621443   111844679   114970102   118010303   121029915   124121817   127346713   130737306   134255952   137808222   141261069   144522192   147557907   150407242   153139895   155860066   158645463   161513324   164445596   167442258   170494367   173593383
Palau   12197   12383   12667   13015   13371   13698   13982   14237   14485   14762   15089   15471   15894   16345   16804   17254   17694   18122   18522   18876   19172   19402   19573   19698   19803   19906   20011   20118   20228   20346   20472
Panama  1953029 1998261 2043413 2088590 2133947 2179624 2225634 2272029 2319035 2366933 2415926 2466083 2517356 2569672 2622903 2676926 2731717 2787228 2843276 2899636 2956126 3012635 3069123 3125565 3181969 3238321 3294583 3350673 3406487 3461901 3516820
Papouasie Nouvelle Guinée   3215339 3304033 3395633 3489227 3583521 3677658 3771385 3865230 3960087 4057228 4157654 4261537 4368815 4479959 4595463 4715617 4840693 4970478 5104153 5240560 5378824 5518586 5659946 5803029 5948135 6095437 6244916 6396307 6549268 6703361 6858266
Paraguay    3194768 3287677 3385626 3487626 3592275 3698465 3805813 3914302 4023628 4133551 4243860 4354331 4464780 4575121 4685320 4795365 4905150 5014650 5124050 5233615 5343539 5453921 5564709 5675754 5786836 5897816 6008597 6119295 6230242 6341892 6454548
Pérou   17286832    17720017    18152344    18585148    19020616    19460111    19903833    20350457    20797983    21243700    21685537    22122065    22553275    22980182    23404523    23827163    24248671    24667356    25079136    25478577    25861887    26228274    26579252    26916342    27242033    27558769    27866387    28166078    28463338    28765162    29076512
Philippines 47063923    48399114    49767259    51166963    52596291    54052849    55537110    57046529    58572071    60102139    61628668    63146876    64659225    66173874    67703053    69255386    70831419    72427130    74040838    75669587    77309965    78964389    80630416    82293990    83936698    85546427    87116275    88652631    90173139    91703090    93260798
Pologne 35578000    35902000    36227000    36571000    36914000    37203000    37456000    37664000    37862000    37963000    38118800    38244400    38364700    38459000    38543600    38587600    38618000    38650000    38666145    38658000    38453757    38248076    38230364    38204570    38182222    38165445    38141267    38120560    38125759    38151603    38187488
Portugal    9766000 9851000 9911500 9954500 9989000 10011400    10010700    9994000 9968000 9937000 9896000 9935000 9963000 9974000 9998000 10027000    10055000    10089000    10129000    10174000    10225836    10292999    10368403    10441075    10501970    10549424    10584344    10608335    10622413    10632482    10642841
Puerto Rico 3206000 3242552 3277452,8   3311137,6   3344190,4   3377000 3409553,6   3441849,6   3473897,6   3505649,6   3537000 3562110 3585176 3615497 3649237 3683103 3724655 3759430 3781101 3800081 3814413 3837768 3858272 3876637 3893931 3910722 3926744 3941235 3954553 3967288 3978702
Qatar   221594  245740  274720  306542  338365  368006  395144  420058  441932  459949  473722  482926  488204  491420  495126  501371  512422  528787  548828  569870  590957  608057  624173  653500  715146  820986  978336  1178192 1396060 1597765 1758793
Roumanie    22201000    22353000    22478000    22553000    22625000    22725000    22823000    22940000    23054000    23152000    23207000    23185000    22789000    22755000    22731000    22681000    22608000    22554000    22503000    22457994    22443000    22132000    21803129    21742013    21684890    21634371    21587666    21546873    21513622    21480401    21442012
Russie  139010000   139941000   140823000   141668000   142745000   143858000   144894000   145908000   146857000   147721000   148292000   148624000   148689000   148520000   148336000   148141000   147739000   147304000   146899000   146309000   146303000   145949580,3 145299690,3 144599446,7 143849574,2 143150000   142500000   142100000   141950000   141850000   141750000
Rwanda  5178927 5343129 5502531 5669024 5859270 6080907 6356230 6672124 6959599 7124870 7109538 6871192 6452688 5984449 5648306 5570206 5803830 6297733 6944116 7582861 8098344 8456968 8696378 8857859 9009655 9201727 9441406 9710531 10004092    10311275    10624005
Samoa   155016  155488  155831  156122  156459  156919  157531  158290  159187  160198  161308  162504  163790  165172  166662  168257  169969  171766  173543  175169  176549  177645  178488  179141  179699  180237  180766  181277  181809  182401  183081
San Marin   21398   21707   21990   22255   22515   22776   23041   23304   23571   23847   24134   24442   24769   25098   25406   25678   25897   26077   26271   26551   26967   27543   28251   29013   29722   30301   30721   31007   31198   31359   31534
Sao Tomé et Principe    94688   96721   98502   100162  101899  103852  106067  108493  111050  113620  116117  118512  120835  123137  125488  127935  130499  133152  135838  138475  141010  143430  145761  148038  150311  152622  154970  157361  159852  162515  165397
Arabie Saoudite 9801475 10440852    11126570    11836762    12542098    13220479    13862213    14469298    15045709    15600314    16139053    16669764    17189075    17679720    18117969    18491845    18786467    19020639    19256649    19578923    20045276    20681576    21463072    22334371    23213767    24041116    24799436    25504176    26166639    26809105    27448086
Sénégal 5414070 5559400 5714508 5879044 6051962 6232395 6420323 6615896 6818495 7027320 7241573 7461567 7686866 7915080 8143140 8369125 8591861 8812695 9035367 9265135 9505862 9758841 10023194    10297956    10581316    10871908    11169549    11474661    11787123    12106865    12433728
Serbie                                          7586000 7595636 7646424,349 7699306,774 7734639,243 7738986,598 7708878,205 7649630,752 7567745 7540401 7516346 7503433 7500031 7480591 7463157 7440769 7411569 7381579 7350221 7320807 7292574
Seychelles  64400   65127,5264  65780,032   66366,9376  66901,8112  67400   67877,2096  68352,3456  68847,5136  69387,5456  70000   70754,98609 71656,98902 72711,40834 73924,61192 75304   76417   77319   78846   80410   81131   81202   83700   82800   82500   82900   84600   85033   86956   87298   86525
Sierra Leone    3161751 3230990 3300789 3373661 3453115 3540728 3639732 3746944 3849915 3931817 3981567 3995290 3979553 3946835 3915066 3898363 3898177 3913681 3953705 4028260 4143115 4303850 4505515 4730020 4952134 5153435 5327364 5478289 5612129 5739293 5867536
Singapour   2414000 2533000 2647000 2681000 2732000 2736000 2733000 2775000 2846000 2931000 3047000 3135100 3230700 3313500 3419000 3524500 3670700 3796000 3927200 3958700 4027900 4138000 4176000 4114800 4166700 4265800 4401400 4588600 4839400 4987600 5076700
Saint Martin (Pays-Bas)                                                                         31240   31084   30519,39646 31189   32566   33791   35318   36936   38272   39464   40459   39133   37850,45822
Slovaquie   4984300 5054800 5091500 5127700 5161800 5192800 5233600 5251100 5276200 5297000 5283000 5283000 5306500 5324600 5347300 5363676 5373793 5383233 5390657 5395115 5388720 5378867 5379056 5379607 5382438 5387001 5391409 5397318 5406626 5418590 5433456
Slovénie    1901200 1917500 1924900 1933100 1942800 1973200 1980700 1989500 2000000 1999400 1998100 2001700 1996600 1966800 1988900 1990000 1991000 1985956 1982600 1985500 1989000 1992000 1994000 1995699,877 1996999,91  2000474 2006868 2018122 2021316 2039669 2052821
Îles Salomon    229235  236984  244877  252860  260869  268862  276815  284761  292787  301012  309527  318371  327529  336960  346599  356404  366363  376511  386906  397627  408732  420232  432107  444344  456919  469805  483000  496490  510221  524125  538148
Somalie 6435589 6597719 6608106 6521168 6419685 6363791 6372348 6426592 6504572 6570210 6599249 6585079 6543380 6498410 6484228 6524697 6628554 6786636 6982940 7193120 7399033 7596920 7791254 7981955 8170899 8359859 8547497 8733493 8922260 9119848 9330872
Afrique du Sud  27576000    28254654,59 28971838,59 29724003,71 30505360,83 31307880    32121290,43 32933080,51 33728497,79 34490548,99 35200000    35933107,76 36690738,76 37473796,4  38283222,67 39120000    40000246,95 40926063,04 41899682,78 42923484,53 44000000    44909738    45533292    46116494    46664771    47198469    47730946    48257282    48793022    49320150    49991300
Sud Soudan                                                                                                                          8079000
Espagne 37386000    37741000    37943000    38121000    38273000    38408000    38519000    38609000    38691000    38768000    38836000    38939050    39067750    39189400    39294950    39387000    39478150    39582400    39721100    39926250    40263200    40720450    41313950    42004500    42691650    43398150    44116441    44878945    45555716    45908594    46081574
Sri Lanka   15082771    15317817    15544043    15765034    15986020    16210466    16439169    16669911    16899425    17123045    17337048    17542866    17740936    17925624    18089720    18229498    18340596    18428257    18510095    18610110    18745084    18921794    19134096    19369853    19610604    19842536    20062070    20272269    20473799    20669142    20859949
St. Kitts et Nevis  44400   44750   45093   44696   43668   42748   42602,4117  42457,31924 42312,72092 42168,61507 42025   41800   41585,14069 41380,27781 41185,27428 41000   40870   40740   40130   42260   44286   46111   46710   46710   48543   49173   49811   50455   51102   51752   52402
St. Lucie   115500  117400  119400  121100  122900  124800  126700  128500  130400  132200  134100  136000  137151  139908  142689  145437  147062  149666  151952  153703  155996  157897  159133  160620  162434  164791  166838  168338  170204,5601 172091,8169 174000
St. Martin (France) 7580    7868    8670    10547   12790   15392   18337   21628   24873   27676   30036   31821   32892   33238   33098   32712   32102   31304   30358   29305   28384   27782   27450   27363   27514   27906   28414   28905   29376   29820   30235
St. Vincent et Grenadines   100450  101316  102135  102915  103669  104402  105123  105819  106465  107016  107449  107755  107950  108051  108089  108087  108049  107979  107907  107869  107891  107987  108150  108354  108566  108755  108918  109060  109178  109269  109333
Soudan  20070866    20750557    21460487    22179726    22880132    23542778    24158258    24735638    25297277    25875596    26494169    27159893    27865979    28605664    29367076    30141147    30929107    31733750    32549326    33368681    34187729    35002234    35816110    36643433    37503647    38410320    39368726    40373635    41415151    42478309    43551941
Suriname    365749  366770  368027  369782  372398  376102  381012  386974  393605  400375  406890  413011  418828  424455  430102  435920  441896  447957  454124  460419  466846  473431  480132  486800  493236  499294  504913  510136  515066  519861  524636
Swaziland   603385  621346  639383  658564  680341  705602  734925  767579  801540  833994  862947  887467  908158  926420  944404  963591  984632  1006824 1028708 1048174 1063832 1075083 1082777 1088724 1095487 1104909 1117604 1133007 1150344 1168345 1186056
Suède   8310000 8320000 8325000 8331000 8337000 8350000 8370000 8399000 8436000 8493000 8559000 8617400 8668000 8718600 8780700 8831000 8843000 8849437 8851800 8857400 8869000 8894000 8924000 8956000 8991994 9024040 9080505 9148092 9219637 9298515 9379116
Suisse  6319000 6354000 6391000 6419000 6442000 6470000 6504000 6545000 6569000 6647000 6712000 6800000 6875000 6938000 6994000 7041000 7074000 7088000 7110000 7140000 7184222,2   7229807,969 7284694,878 7338957,415 7389581,082 7437115 7483934 7551117 7647675 7743831 7825243
Syrie   8906543 9219690 9547693 9886629 10230958    10576592    10921760    11267240    11614542    11966274    12324116    12690183    13063423    13438799    13809349    14171130    14518843    14856464    15200324    15572833    15988534    16454926    16962918    17490104    18004797    18484122    18860939,31 19245438,42 19637775,93 20038111,63 20446608,57
Tadjikistan 3952691 4064671 4180321 4301334 4429847 4566786 4713454 4867754 5023022 5170285 5303152 5418785 5519021 5607922 5691845 5775404 5860334 5945181 6027676 6104268 6172807 6232587 6285809 6336724 6391120 6453240 6524634 6604426 6691416 6783390 6878637
Tanzanie    18685789    19281182    19897071    20531760    21182600    21848290    22525148    23215060    23928658    24680404    25478979    26331511    27230502    28152305    29064223    29943732    30783155    31592450    32388671    33197305    34038161    34917073    35832494    36788281    37786946    38831024    39923609    41068185    42267667    43524738    44841226
Thaïlande   47482643    48460289    49422519    50379788    51346204    52328663    53339762    54368583    55370526    56284973    57072058    57711519    58225969    58671177    59126690    59650157    60258113    60933752    61660383    62408639    63155029    63898879    64642931    65370277    66060383    66698483    67276383    67796451    68267982    68706122    69122234
Timor-Leste 580707  583764  597067  617347  639513  659846  677073  692306  706986  723453  743145  767267  794561  821141  841687  852817  852280  842341  829617  823386  830089  852522  888099  931324  974024  1010367 1038572 1060770 1079749 1099887 1124355
Togo    2666921 2751151 2846305 2949279 3055479 3161327 3266857 3372562 3475964 3574135 3665509 3747750 3822591 3897510 3982804 4085492 4208738 4349349 4500173 4650754 4793504 4926142 5050919 5170252 5288273 5408044 5529908 5652811 5776837 5901859 6027798
Tonga   92999   93443   93673   93766   93829   93944   94139   94392   94674   94938   95150   95305   95426   95541   95691   95907   96196   96551   96966   97431   97935   98476   99053   99659   100286  100926  101584  102254  102910  103519  104058
Trinidad et Tobago  1078200 1097067 1117461 1138006 1156858 1172735 1185012 1194138 1201224 1207942 1215494 1224233 1233753 1243590 1253000 1261443 1268851 1275460 1281396 1286871 1292058 1296962 1301576 1306065 1310622 1315386 1320418 1325672 1331040 1336349 1341465
Tunisie 6384000 6555184,538 6729178,331 6905135,989 7042550,14  7260360,969 7492632,579 7684751,364 7857618,981 7958694,4   8154400 8318200 8489900 8657400 8815400 8957500 9089300 9215000 9333300 9455900 9563500 9673600 9781900 9839800 9932400 10029000    10127900    10225100    10328900    10439600    10549100
Turquie 44105216    45130008    46198027    47285732    48360679    49399630    50393538    51349154    52278499    53200802    54130268    55068880    56012109    56959988    57911273    58864649    59821978    60783217    61742674    62692616    63627862    64544914    65446165    66339433    67235927    68143186    69063538    69992754    70923730    71846212    72752325
Turkmenistan    2861000 2931343 3002785 3075867 3151262 3229499 3310059 3392823 3479088 3570558 3668000 3772350 3881973 3991917 4095512 4188010 4267690 4335991 4395293 4449427 4501419 4551737 4600093 4647912 4696771 4747839 4801847 4858843 4918396 4979672 5041995
Turks et Îles Caicos    7525    7855    8244    8670    9096    9501    9872    10222   10587   11018   11549   12216   13005   13848   14644   15333   15859   16275   16763   17573   18873   20728   23044   25625   28191   30531   32590   34404   35960   37271   38354
Tuvalu  8051    8160    8284    8413    8537    8648    8741    8821    8889    8949    9004    9056    9103    9148    9188    9227    9264    9298    9334    9374    9419    9471    9530    9590    9646    9694    9732    9762    9786    9806    9827
Ouganda 12662131    13049012    13447769    13866291    14315090    14801113    15327718    15891143    16482365    17088426    17699717    18314701    18935726    19561967    20193432    20831075    21473592    22123185    22788843    23482533    24213120    24984181    25794397    26641627    27521632    28431204    29370251    30339895    31339392    32367909    33424683
Ukraine 50043550    50221000    50384000    50564000    50754000    50917000    51097000    51293000    51521000    51773000    51892000    52000469,74 52150265,73 52179209,7  51921041,29 51512298,61 51057188,98 50594105,02 50143939,13 49673349,99 49175847,64 48683864,58 48202500    47812950    47451600    47105150    46787750    46509350    46258200    46053300    45870700
Emirats Arabes Unis 1016228 1092153 1157336 1217021 1279010 1349000 1428788 1516782 1611257 1709232 1808642 1909812 2014095 2121704 2232980 2348539 2473983 2611610 2755497 2897038 3033491 3149440 3254691 3400959 3658042 4069349 4662728 5405541 6206623 6938815 7511690
Royaume-Uni 56314217    56333829    56313642    56332849    56422072    56550269    56681397    56802051    56928327    57076712    57247586    57424897    57580403    57718614    57865745    58019030    58166950    58316955    58487141    58682466    58892514    59107960    59325809    59566259    59867866    60224307    60595632    60986649    61393521    61801570    62218761
Etats-Unis  227225000   229466000   231664000   233792000   235825000   237924000   240133000   242289000   244499000   246819000   249623000   252981000   256514000   259919000   263126000   266278000   269394000   272657000   275854000   279040000   282172000   285082000   287804000   290326000   293046000   295753000   298593000   301580000   304375000   307007000   309050816
Uruguay 2914683 2933904 2953118 2972284 2991478 3010766 3029948 3048955 3068166 3088110 3109122 3131140 3153857 3177035 3200342 3223401 3235549 3256181,753 3273776,897 3288819,058 3300847,408 3308356,425 3308526,676 3303539,568 3301732 3305723 3314466 3323906 3334052 3344938 3356584
Ouzbekistan 15951899    16375762    16812955    17260951    17715706    18174143    18634041    19095670    19561181    20033912    20510000    20952000    21449000    21942000    22377000    22785000    23225000    23667000    24051000    24400000    24650000    24967000    25271800    25567700    25864386    26167369    26485800    26867800    27313700    27767100    28160361,37
Vanuatu 115641  118584  121438  124252  127097  130030  133041  136129  139368  142852  146636  150791  155270  159857  164254  168263  171783  174921  177946  181239  185074  189544  194555  199968  205561  211170  216760  222377  228041  233790  239651
Vénézuela   15036273    15570222,4  16047654,4  16522182,4  16993078,4  17460000    17922990,4  18382478,4  18839278,4  19294590,4  19750000    20197000    20659000    21121000    21583000    22043000    22502000    22959000    23413000    23867000    24311000    24765000    25220000    25674000    26127000    26577000    27031000    27483000    27935000    28384000    28834000
Vietnam 53700000    54722337,49 55686897,34 56654801,83 57691661,43 58868000    60249000    61750000    63263000    64774000    66016700    67242400    68450100    69644500    70824500    71995500    73156700    74306900    75456300    76596700    77630900    78621000    79538700    80468400    81437700    82393500    83313000    84221100    85122300    86024600    86936464,42
Îles Vierges    97000   98000   102000  104000  108000  107000  106500  106000  104500  103000  103963  104807  105711  106577  107317  107817  108093  108355  108535  108596  108639  108747  108923  109148  109354  109600  109764  109821  109840  109825  109775
Cisjordanie et Gaza                                         1978248,403 2068845,126 2163590,854 2262675,6   2366298,073 2474666,086 2587996,968 2706518 2802299,017 2901469,63  3004149,794 3110463,708 3220539,967 3334511,718 3452516,816 3574697,999 3701203,055 3832185 3937309 4043218 4152102
Yémen   7945180 8270681 8620116 8988432 9369068 9758220 10149222    10544972    10962489    11425336    11948209    12540234    13190192    13867656    14530275    15148172    15710211    16226938    16716850    17208494    17723186    18266008    18831819    19419710    20026117    20648643    21288070    21946990    22626595    23328214    24052514
Zambie  5775165 5967511 6165560 6368542 6575403 6785211 6998307 7214499 7431752 7647450 7860053 8067972 8272498 8478471 8692599 8919456 9161931 9418120 9682058 9945115 10201562    10449825    10693471    10938261    11192422    11462365    11750105    12055384    12379612    12723746    12926409
Zimbabwe    7289463 7571447 7874642 8194203 8523090 8855279 9189169 9523376 9852244 10169188    10469202    10748215    11005690    11244552    11469872    11684693    11891290    12086519    12261742    12405236    12509477    12575015    12607791    12612956    12597877    12570686    12529655    12481245    12451543    12473992    12571454
